0 0.35 0.40 0.20 0.31   glava_robota
1 0.30 0.70 0.17 0.27   ruka_robota
2 0.68 0.62 0.14 0.18   volan
3 0.82 0.52 0.16 0.19   centralni_ekran
4 0.48 0.88 0.94 0.25   put0 0.35 0.40 0.20 0.31   glava_robota
1 0.30 0.70 0.17 0.27   ruka_robota
2 0.68 0.62 0.14 0.18   volan
3 0.82 0.52 0.16 0.19   centralni_ekran
4 0.48 0.88 0.94 0.25   put0 0.191566 0.398438 0.337532 0.187500
1 0.363241 0.566406 0.122210 0.113281
4 0.507274 0.577148 0.072744 0.052734
2 0.705138 0.540039 0.322983 0.138672
6 0.107183 0.789063 0.151307 0.160156
7 0.882633 0.412109 0.189134 0.074219
17 0.644033 0.401367 0.218232 0.080078

0 0.25 0.35 0.15 0.25   glava_robota
1 0.20 0.60 0.12 0.30   ruka_robota
2 0.35 0.58 0.18 0.20   saka_robota
3 0.60 0.55 0.15 0.18   volan
4 0.75 0.45 0.20 0.22   centralni_ekran
5 0.50 0.80 0.90 0.35   put
